BACKGROUND:
data_type = [[3, 3, 3, 1, 2, 2, 2, 1, 3, 3], [3, 3, 3, 2, 3, 3, 3, 2, 3, 3], [3, 3, 3, 2, 3, 3, 3, 2, 3, 3], [2, 2, 2, 1, 3, 1, 2, 1, 3, 3], [3, 3, 3, 3, 3, 1, 2, 2, 2, 2]]
data_rotation = [[-1080, -1080, -1080, -360, -360, -360, -360, -450, -1080, -1080], [-1080, -1080, -1080, -270, -1080, -1080, -1080, -450, -1080, -1080], [-1080, -1080, -1080, -270, -1080, -1080, -1080, -450, -1080, -1080], [0, 0, 0, -180, -1080, -720, -540, -540, -1080, -1080], [-1080, -1080, -1080, -1080, -1080, -990, -1080, -1080, -1080, -1080]]

MAP1:
name = Map 1
data_type = [[3, 1, 2, 2, 2, 2, 2, 2, 2, 2, 2, 2, 2], [3, 1, 2, 2, 2, 1, 3, 3, 3, 3, 3, 3, 3], [3, 3, 3, 3, 3, 2, 3, 3, 3, 3, 3, 3, 3], [3, 3, 3, 3, 3, 2, 3, 3, 3, 3, 3, 3, 3], [3, 3, 3, 3, 3, 2, 3, 3, 3, 3, 3, 3, 3], [2, 2, 2, 2, 2, 1, 3, 3, 3, 3, 3, 3, 3], [3, 3, 3, 3, 3, 3, 3, 3, 3, 3, 3, 3, 3]]
data_rotation = [[-900, -720, -900, -900, -900, -900, -900, -900, -900, -900, -900, -900, -900], [-900, -630, -540, -540, -540, -450, -900, -900, -900, -900, -900, -900, -900], [-900, -900, -900, -900, -900, -270, -900, -900, -900, -900, -900, -900, -900], [-900, -900, -900, -900, -900, -270, -900, -900, -180, -900, -900, -900, 0], [-900, -900, -900, -900, -900, -270, -900, -900, -180, -900, -900, -900, -900], [0, 0, 0, 0, 0, -180, -900, -900, -900, -900, -900, -900, -900], [-900, -900, -900, -900, -900, -900, -900, -900, -900, -900, -900, -900, -900]]

MAP2:
name = Map 2
data_type = [[1, 2, 2, 2, 2, 2, 2, 1, 3, 3, 3], [1, 2, 1, 3, 3, 3, 3, 2, 3, 3, 3], [3, 3, 2, 3, 3, 3, 3, 2, 3, 3, 3], [3, 3, 2, 3, 3, 3, 3, 2, 3, 3, 3], [2, 2, 1, 3, 1, 2, 2, 1, 3, 3, 3], [3, 3, 3, 3, 1, 2, 2, 2, 2, 2, 2]]
data_rotation = [[-360, -360, -360, -360, -360, -360, -360, -450, -540, -540, -540], [-270, -360, -450, -540, -540, -540, -540, -450, -540, -540, -540], [-540, -540, -270, -270, -540, -540, -540, -450, -540, -540, -540], [-540, -540, -270, -540, -540, -540, -540, -450, -540, -540, -540], [0, 0, -180, -540, -360, -540, -360, -540, -540, -540, -540], [-540, -540, -540, -540, -270, -360, -360, -360, -360, -360, -360]]

MAP3:
name = Map 3
data_type = [[3, 3, 3, 3, 3, 3, 3, 3, 3, 3, 3], [2, 2, 2, 2, 2, 2, 2, 2, 1, 3, 3], [3, 3, 3, 3, 3, 3, 3, 3, 2, 3, 3], [3, 3, 3, 3, 3, 3, 3, 3, 2, 3, 3], [2, 2, 2, 2, 2, 2, 2, 2, 1, 3, 3], [3, 3, 3, 3, 3, 3, 3, 3, 3, 3, 3]]
data_rotation = [[-360, -360, -360, -360, -360, -360, -360, -360, -360, -360, -360], [-360, -360, -360, -360, -360, -360, -360, -360, -450, -360, -360], [-360, -360, -360, -360, -360, -360, -360, -360, -270, -360, -360], [-360, -360, -360, -360, -360, -360, -360, -360, -270, -360, -360], [0, 0, 0, 0, 0, -360, -360, 0, -180, -360, -360], [-360, -360, -360, -360, -360, -360, -360, -360, -360, -360, -360]]

MAP4:
name = Map 4
data_type = [[1, 2, 2, 2, 2, 2, 2, 2, 2, 2, 2], [2, 3, 1, 2, 1, 3, 3, 3, 3, 3, 3], [2, 3, 2, 3, 2, 3, 3, 3, 3, 3, 3], [1, 2, 1, 3, 2, 3, 3, 3, 3, 3, 3], [2, 2, 2, 2, 1, 3, 3, 3, 3, 3, 3], [3, 3, 3, 3, 3, 3, 3, 3, 3, 3, 3]]
data_rotation = [[-720, -720, -720, -720, -720, -720, -720, -720, -720, -720, -720], [-630, -720, -360, -540, -450, -720, -720, -720, -720, -720, -720], [-630, -720, -450, -450, -270, -720, -720, -720, -720, -720, -720], [-630, -540, -540, -720, -270, -720, -720, -720, -720, -720, -720], [0, 0, 0, 0, -180, -720, -720, -720, -720, -720, -720], [-720, -720, -720, -720, -720, -720, -720, -720, -720, -720, -720]]

MAP5:
name = Map 5
data_type = [[3, 3, 3, 1, 2, 2, 2, 1, 3, 3], [3, 3, 3, 2, 3, 3, 3, 2, 3, 3], [3, 3, 3, 2, 3, 3, 3, 2, 3, 3], [2, 2, 2, 1, 3, 1, 2, 1, 3, 3], [3, 3, 3, 3, 3, 1, 2, 2, 2, 2]]
data_rotation = [[-1080, -1080, -1080, -360, -360, -360, -360, -450, -1080, -1080], [-1080, -1080, -1080, -270, -1080, -1080, -1080, -450, -1080, -1080], [-1080, -1080, -1080, -270, -1080, -1080, -1080, -450, -1080, -1080], [0, 0, 0, -180, -1080, -720, -540, -540, -1080, -1080], [-1080, -1080, -1080, -1080, -1080, -990, -1080, -1080, -1080, -1080]]


SAVE1:
name =
data =

SAVE2:
name =
data =

SAVE3:
name =
data =
